19.2553 -31.303
31.2553 -29.303
32.2553 -29.303
21.2553 -28.303
22.2553 -27.303
30.2553 -27.303
23.2553 -26.303
24.2553 -25.303
28.2553 -25.303
29.2553 -25.303
24.2553 -24.303
26.2553 -24.303
25.2553 -23.303
24.2553 -22.303
25.2553 -22.303
24.2553 -21.303
25.2553 -21.303
23.2553 -20.303
30.2553 -20.303
22.2553 -19.303
32.2553 -19.303
21.2553 -18.303
20.2553 -17.303
19.2553 -16.303
18.2553 -15.303
2.25534 -14.303
17.2553 -14.303
16.2553 -13.303
15.2553 -12.303
14.2553 -11.303
17.2553 -11.303
12.2553 -10.303
13.2553 -10.303
11.2553 -9.30304
9.25534 -8.30304
10.2553 -8.30304
8.25534 -7.30304
9.25534 -7.30304
20.2553 -7.30304
6.25534 -6.30304
7.25534 -6.30304
-6.74466 -5.30304
-5.74466 -5.30304
-4.74466 -5.30304
-2.74466 -5.30304
-1.74466 -5.30304
3.25534 -5.30304
4.25534 -5.30304
5.25534 -5.30304
-9.74466 -4.30304
-7.74466 -4.30304
-5.74466 -4.30304
-4.74466 -4.30304
-3.74466 -4.30304
3.25534 -4.30304
4.25534 -4.30304
-10.7447 -3.30304
-9.74466 -3.30304
-8.74466 -3.30304
-14.7447 -2.30304
-12.7447 -2.30304
-11.7447 -2.30304
-10.7447 -2.30304
-17.7447 -1.30304
-16.7447 -1.30304
-15.7447 -1.30304
-14.7447 -1.30304
-13.7447 -1.30304
4.25534 -1.30304
-18.7447 -0.30304
-17.7447 -0.30304
-34.7447 0.69696
-19.7447 0.69696
-18.7447 0.69696
-21.7447 1.69696
-20.7447 1.69696
-27.7447 2.69696
-26.7447 2.69696
-23.7447 2.69696
-22.7447 2.69696
-21.7447 2.69696
-30.7447 3.69696
-29.7447 3.69696
-28.7447 3.69696
-27.7447 3.69696
-25.7447 3.69696
-24.7447 3.69696
-23.7447 3.69696
-22.7447 3.69696
-1.74466 3.69696
3.25534 3.69696
-29.7447 4.69696
-28.7447 4.69696
-30.7447 5.69696
2.25534 5.69696
3.25534 5.69696
-31.7447 6.69696
2.25534 6.69696
3.25534 6.69696
-31.7447 7.69696
-21.7447 7.69696
-17.7447 7.69696
2.25534 7.69696
3.25534 7.69696
-32.7447 8.69696
2.25534 8.69696
-33.7447 9.69696
2.25534 9.69696
-34.7447 10.697
-20.7447 10.697
1.25534 10.697
0.255341 11.697
5.25534 11.697
-0.744659 12.697
-0.744659 13.697
-1.74466 14.697
-1.74466 15.697
-2.74466 16.697
-3.74466 17.697
-4.74466 18.697
-3.74466 18.697
-4.74466 19.697
-3.74466 19.697
-4.74466 20.697
-3.74466 20.697
-4.74466 21.697
-3.74466 21.697
-5.74466 22.697
-4.74466 22.697
-5.74466 23.697
-6.74466 24.697
-6.74466 25.697
-7.74466 27.697
-8.74466 28.697
-7.74466 28.697
-8.74466 29.697
-7.74466 29.697
-8.74466 30.697
-7.74466 30.697
-8.74466 31.697
-8.74466 33.697
-8.74466 34.697
-7.74466 35.697
-8.74466 36.697
-7.74466 36.697
-8.74466 37.697
-7.74466 37.697
-6.74466 37.697
-6.74466 38.697
-5.74466 39.697
-4.74466 40.697
-4.74466 41.697
-3.74466 42.697
-3.74466 43.697
-2.74466 44.697
-3.74466 45.697
-2.74466 45.697
-2.74466 46.697
-3.74466 47.697
-2.74466 47.697
-3.74466 48.697
-2.74466 49.697
-1.74466 51.697
-1.74466 52.697
-0.744659 53.697
