-33.2688 -83.6894
-27.2688 -82.6894
-32.2688 -81.6894
-28.2688 -81.6894
-31.2688 -80.6894
-30.2688 -80.6894
-30.2688 -78.6894
-29.2688 -77.6894
-29.2688 -76.6894
-28.2688 -76.6894
-29.2688 -75.6894
-28.2688 -74.6894
-23.2688 -74.6894
-27.2688 -73.6894
-27.2688 -72.6894
-21.2688 -72.6894
-26.2688 -71.6894
-26.2688 -70.6894
-25.2688 -69.6894
-17.2688 -69.6894
-24.2688 -68.6894
-24.2688 -67.6894
-23.2688 -67.6894
-23.2688 -66.6894
-22.2688 -66.6894
-18.2688 -66.6894
-22.2688 -65.6894
-21.2688 -64.6894
-20.2688 -63.6894
-19.2688 -62.6894
-18.2688 -61.6894
-17.2688 -60.6894
-16.2688 -59.6894
-6.2688 -59.6894
-3.2688 -59.6894
-16.2688 -58.6894
-15.2688 -58.6894
-8.2688 -58.6894
-15.2688 -57.6894
-14.2688 -57.6894
-10.2688 -57.6894
-14.2688 -56.6894
-13.2688 -56.6894
-11.2688 -56.6894
-12.2688 -55.6894
-11.2688 -54.6894
-11.2688 -53.6894
-10.2688 -52.6894
-10.2688 -51.6894
-10.2688 -50.6894
-9.2688 -48.6894
-2.2688 -48.6894
-17.2688 -47.6894
-8.2688 -47.6894
-7.2688 -46.6894
-7.2688 -45.6894
-7.2688 -44.6894
-7.2688 -43.6894
-8.2688 -42.6894
-7.2688 -42.6894
-9.2688 -41.6894
-0.268799 -41.6894
-8.2688 -40.6894
41.7312 -40.6894
-8.2688 -39.6894
42.7312 -39.6894
-7.2688 -38.6894
44.7312 -38.6894
-8.2688 -37.6894
-7.2688 -36.6894
-7.2688 -35.6894
36.7312 -35.6894
48.7312 -35.6894
43.7312 -34.6894
-7.2688 -33.6894
37.7312 -33.6894
43.7312 -33.6894
-7.2688 -32.6894
-7.2688 -31.6894
-7.2688 -30.6894
-6.2688 -29.6894
27.7312 -29.6894
42.7312 -29.6894
-6.2688 -28.6894
28.7312 -28.6894
41.7312 -28.6894
42.7312 -28.6894
44.7312 -28.6894
-7.2688 -27.6894
29.7312 -27.6894
39.7312 -27.6894
40.7312 -27.6894
-7.2688 -26.6894
30.7312 -26.6894
38.7312 -26.6894
39.7312 -26.6894
-7.2688 -25.6894
37.7312 -25.6894
38.7312 -25.6894
48.7312 -25.6894
-7.2688 -24.6894
36.7312 -24.6894
37.7312 -24.6894
50.7312 -24.6894
-7.2688 -23.6894
31.7312 -23.6894
35.7312 -23.6894
36.7312 -23.6894
-7.2688 -22.6894
34.7312 -22.6894
35.7312 -22.6894
-8.2688 -21.6894
34.7312 -21.6894
-7.2688 -20.6894
33.7312 -20.6894
32.7312 -19.6894
-14.2688 -18.6894
-8.2688 -18.6894
32.7312 -18.6894
-9.2688 -17.6894
-8.2688 -17.6894
31.7312 -17.6894
-9.2688 -16.6894
-8.2688 -16.6894
30.7312 -16.6894
-8.2688 -15.6894
29.7312 -15.6894
30.7312 -15.6894
-8.2688 -14.6894
28.7312 -14.6894
29.7312 -14.6894
-8.2688 -13.6894
-9.2688 -12.6894
27.7312 -12.6894
28.7312 -12.6894
31.7312 -12.6894
-9.2688 -11.6894
-8.2688 -11.6894
15.7312 -11.6894
26.7312 -11.6894
27.7312 -11.6894
-9.2688 -10.6894
-8.2688 -10.6894
25.7312 -10.6894
26.7312 -10.6894
34.7312 -10.6894
-9.2688 -9.68942
-8.2688 -9.68942
25.7312 -9.68942
35.7312 -9.68942
-9.2688 -8.68942
24.7312 -8.68942
37.7312 -8.68942
-8.2688 -7.68942
23.7312 -7.68942
-8.2688 -6.68942
22.7312 -6.68942
-8.2688 -5.68942
11.7312 -5.68942
21.7312 -5.68942
-9.2688 -4.68942
20.7312 -4.68942
19.7312 -3.68942
-8.2688 -2.68942
18.7312 -2.68942
-9.2688 -1.68942
17.7312 -1.68942
18.7312 -1.68942
-9.2688 -0.689423
-8.2688 -0.689423
17.7312 -0.689423
-8.2688 0.310577
3.7312 0.310577
16.7312 0.310577
8.7312 1.31058
15.7312 1.31058
-9.2688 2.31058
14.7312 2.31058
-9.2688 3.31058
14.7312 3.31058
-8.2688 4.31058
13.7312 4.31058
-8.2688 5.31058
12.7312 5.31058
-7.2688 6.31058
11.7312 6.31058
24.7312 6.31058
-7.2688 7.31058
10.7312 7.31058
-6.2688 8.31058
9.7312 8.31058
10.7312 8.31058
-5.2688 9.31058
8.7312 9.31058
9.7312 9.31058
7.7312 10.3106
8.7312 10.3106
6.7312 11.3106
7.7312 11.3106
19.7312 11.3106
-17.2688 12.3106
5.7312 12.3106
6.7312 12.3106
-5.2688 13.3106
-4.2688 13.3106
4.7312 13.3106
5.7312 13.3106
3.7312 14.3106
4.7312 14.3106
14.7312 14.3106
-4.2688 15.3106
2.7312 15.3106
3.7312 15.3106
-3.2688 16.3106
1.7312 16.3106
-3.2688 17.3106
-0.268799 17.3106
0.731201 17.3106
15.7312 17.3106
-2.2688 18.3106
-3.2688 19.3106
-3.2688 20.3106
-2.2688 20.3106
-3.2688 21.3106
9.7312 21.3106
-4.2688 22.3106
-5.2688 23.3106
-4.2688 23.3106
-5.2688 24.3106
-6.2688 25.3106
-5.2688 25.3106
-7.2688 26.3106
-6.2688 26.3106
-7.2688 27.3106
-8.2688 28.3106
-9.2688 29.3106
-8.2688 29.3106
-10.2688 30.3106
-9.2688 30.3106
-10.2688 31.3106
-11.2688 32.3106
1.7312 32.3106
-11.2688 33.3106
-11.2688 34.3106
-12.2688 35.3106
-13.2688 36.3106
-1.2688 36.3106
-13.2688 37.3106
-13.2688 38.3106
-14.2688 39.3106
-15.2688 41.3106
-14.2688 41.3106
-15.2688 42.3106
-16.2688 43.3106
-17.2688 44.3106
-16.2688 44.3106
-6.2688 44.3106
-18.2688 45.3106
-17.2688 46.3106
-17.2688 47.3106
-17.2688 48.3106
-17.2688 49.3106
-18.2688 50.3106
-18.2688 51.3106
-19.2688 53.3106
-18.2688 53.3106
-31.2688 55.3106
-19.2688 56.3106
-18.2688 56.3106
-19.2688 57.3106
-18.2688 57.3106
-17.2688 57.3106
-5.2688 57.3106
-20.2688 58.3106
-15.2688 58.3106
-14.2688 58.3106
-5.2688 58.3106
-21.2688 59.3106
-11.2688 59.3106
-10.2688 59.3106
-4.2688 59.3106
-22.2688 60.3106
-3.2688 60.3106
-23.2688 62.3106
-7.2688 64.3106
-6.2688 64.3106
-5.2688 64.3106
-25.2688 65.3106
