301 239
361 202
333 286
333.745 232.303
21.2553 -32.303
22.2553 -32.303
23.2553 -32.303
24.2553 -32.303
19.2553 -31.303
20.2553 -31.303
21.2553 -31.303
22.2553 -31.303
23.2553 -31.303
24.2553 -31.303
25.2553 -31.303
26.2553 -31.303
19.2553 -30.303
20.2553 -30.303
21.2553 -30.303
22.2553 -30.303
23.2553 -30.303
24.2553 -30.303
25.2553 -30.303
26.2553 -30.303
27.2553 -30.303
28.2553 -30.303
29.2553 -30.303
30.2553 -30.303
31.2553 -30.303
32.2553 -30.303
18.2553 -29.303
19.2553 -29.303
20.2553 -29.303
21.2553 -29.303
22.2553 -29.303
23.2553 -29.303
24.2553 -29.303
25.2553 -29.303
26.2553 -29.303
27.2553 -29.303
28.2553 -29.303
29.2553 -29.303
30.2553 -29.303
31.2553 -29.303
32.2553 -29.303
33.2553 -29.303
17.2553 -28.303
18.2553 -28.303
19.2553 -28.303
20.2553 -28.303
21.2553 -28.303
22.2553 -28.303
23.2553 -28.303
24.2553 -28.303
25.2553 -28.303
26.2553 -28.303
27.2553 -28.303
28.2553 -28.303
29.2553 -28.303
30.2553 -28.303
31.2553 -28.303
32.2553 -28.303
17.2553 -27.303
18.2553 -27.303
19.2553 -27.303
20.2553 -27.303
21.2553 -27.303
22.2553 -27.303
23.2553 -27.303
24.2553 -27.303
25.2553 -27.303
26.2553 -27.303
27.2553 -27.303
28.2553 -27.303
29.2553 -27.303
30.2553 -27.303
31.2553 -27.303
32.2553 -27.303
33.2553 -27.303
17.2553 -26.303
18.2553 -26.303
19.2553 -26.303
20.2553 -26.303
21.2553 -26.303
22.2553 -26.303
23.2553 -26.303
24.2553 -26.303
25.2553 -26.303
26.2553 -26.303
27.2553 -26.303
28.2553 -26.303
29.2553 -26.303
30.2553 -26.303
31.2553 -26.303
32.2553 -26.303
33.2553 -26.303
17.2553 -25.303
18.2553 -25.303
19.2553 -25.303
20.2553 -25.303
21.2553 -25.303
22.2553 -25.303
23.2553 -25.303
24.2553 -25.303
25.2553 -25.303
26.2553 -25.303
27.2553 -25.303
28.2553 -25.303
29.2553 -25.303
30.2553 -25.303
31.2553 -25.303
32.2553 -25.303
33.2553 -25.303
34.2553 -25.303
17.2553 -24.303
18.2553 -24.303
19.2553 -24.303
20.2553 -24.303
21.2553 -24.303
22.2553 -24.303
23.2553 -24.303
24.2553 -24.303
25.2553 -24.303
26.2553 -24.303
27.2553 -24.303
28.2553 -24.303
29.2553 -24.303
30.2553 -24.303
31.2553 -24.303
32.2553 -24.303
33.2553 -24.303
17.2553 -23.303
18.2553 -23.303
19.2553 -23.303
20.2553 -23.303
21.2553 -23.303
22.2553 -23.303
23.2553 -23.303
24.2553 -23.303
25.2553 -23.303
26.2553 -23.303
27.2553 -23.303
28.2553 -23.303
29.2553 -23.303
30.2553 -23.303
31.2553 -23.303
32.2553 -23.303
33.2553 -23.303
16.2553 -22.303
17.2553 -22.303
18.2553 -22.303
19.2553 -22.303
20.2553 -22.303
21.2553 -22.303
22.2553 -22.303
23.2553 -22.303
24.2553 -22.303
25.2553 -22.303
26.2553 -22.303
27.2553 -22.303
28.2553 -22.303
29.2553 -22.303
30.2553 -22.303
31.2553 -22.303
32.2553 -22.303
33.2553 -22.303
16.2553 -21.303
17.2553 -21.303
18.2553 -21.303
19.2553 -21.303
20.2553 -21.303
21.2553 -21.303
22.2553 -21.303
23.2553 -21.303
24.2553 -21.303
25.2553 -21.303
26.2553 -21.303
27.2553 -21.303
28.2553 -21.303
29.2553 -21.303
30.2553 -21.303
31.2553 -21.303
32.2553 -21.303
33.2553 -21.303
15.2553 -20.303
16.2553 -20.303
17.2553 -20.303
18.2553 -20.303
19.2553 -20.303
20.2553 -20.303
21.2553 -20.303
22.2553 -20.303
23.2553 -20.303
24.2553 -20.303
25.2553 -20.303
26.2553 -20.303
27.2553 -20.303
28.2553 -20.303
29.2553 -20.303
30.2553 -20.303
31.2553 -20.303
32.2553 -20.303
33.2553 -20.303
14.2553 -19.303
15.2553 -19.303
16.2553 -19.303
17.2553 -19.303
18.2553 -19.303
19.2553 -19.303
20.2553 -19.303
21.2553 -19.303
22.2553 -19.303
23.2553 -19.303
24.2553 -19.303
25.2553 -19.303
26.2553 -19.303
27.2553 -19.303
28.2553 -19.303
29.2553 -19.303
30.2553 -19.303
31.2553 -19.303
32.2553 -19.303
33.2553 -19.303
11.2553 -18.303
12.2553 -18.303
13.2553 -18.303
14.2553 -18.303
15.2553 -18.303
16.2553 -18.303
17.2553 -18.303
18.2553 -18.303
19.2553 -18.303
20.2553 -18.303
21.2553 -18.303
22.2553 -18.303
23.2553 -18.303
24.2553 -18.303
25.2553 -18.303
26.2553 -18.303
27.2553 -18.303
28.2553 -18.303
29.2553 -18.303
30.2553 -18.303
31.2553 -18.303
32.2553 -18.303
9.25534 -17.303
10.2553 -17.303
11.2553 -17.303
12.2553 -17.303
13.2553 -17.303
14.2553 -17.303
15.2553 -17.303
16.2553 -17.303
17.2553 -17.303
18.2553 -17.303
19.2553 -17.303
20.2553 -17.303
21.2553 -17.303
22.2553 -17.303
23.2553 -17.303
24.2553 -17.303
25.2553 -17.303
26.2553 -17.303
27.2553 -17.303
28.2553 -17.303
29.2553 -17.303
30.2553 -17.303
2.25534 -16.303
3.25534 -16.303
4.25534 -16.303
5.25534 -16.303
6.25534 -16.303
7.25534 -16.303
8.25534 -16.303
9.25534 -16.303
10.2553 -16.303
11.2553 -16.303
12.2553 -16.303
13.2553 -16.303
14.2553 -16.303
15.2553 -16.303
16.2553 -16.303
17.2553 -16.303
18.2553 -16.303
19.2553 -16.303
20.2553 -16.303
21.2553 -16.303
22.2553 -16.303
23.2553 -16.303
24.2553 -16.303
25.2553 -16.303
26.2553 -16.303
27.2553 -16.303
28.2553 -16.303
1.25534 -15.303
2.25534 -15.303
3.25534 -15.303
4.25534 -15.303
5.25534 -15.303
6.25534 -15.303
7.25534 -15.303
8.25534 -15.303
9.25534 -15.303
10.2553 -15.303
11.2553 -15.303
12.2553 -15.303
13.2553 -15.303
14.2553 -15.303
15.2553 -15.303
16.2553 -15.303
17.2553 -15.303
18.2553 -15.303
19.2553 -15.303
20.2553 -15.303
21.2553 -15.303
22.2553 -15.303
23.2553 -15.303
24.2553 -15.303
25.2553 -15.303
26.2553 -15.303
27.2553 -15.303
0.255341 -14.303
1.25534 -14.303
2.25534 -14.303
3.25534 -14.303
4.25534 -14.303
5.25534 -14.303
6.25534 -14.303
7.25534 -14.303
8.25534 -14.303
9.25534 -14.303
10.2553 -14.303
11.2553 -14.303
12.2553 -14.303
13.2553 -14.303
14.2553 -14.303
15.2553 -14.303
16.2553 -14.303
17.2553 -14.303
18.2553 -14.303
19.2553 -14.303
20.2553 -14.303
21.2553 -14.303
22.2553 -14.303
23.2553 -14.303
24.2553 -14.303
25.2553 -14.303
26.2553 -14.303
0.255341 -13.303
1.25534 -13.303
2.25534 -13.303
3.25534 -13.303
4.25534 -13.303
5.25534 -13.303
6.25534 -13.303
7.25534 -13.303
8.25534 -13.303
9.25534 -13.303
10.2553 -13.303
11.2553 -13.303
12.2553 -13.303
13.2553 -13.303
14.2553 -13.303
15.2553 -13.303
16.2553 -13.303
17.2553 -13.303
18.2553 -13.303
19.2553 -13.303
20.2553 -13.303
21.2553 -13.303
22.2553 -13.303
23.2553 -13.303
24.2553 -13.303
25.2553 -13.303
-2.74466 -12.303
-1.74466 -12.303
-0.744659 -12.303
0.255341 -12.303
1.25534 -12.303
2.25534 -12.303
3.25534 -12.303
4.25534 -12.303
5.25534 -12.303
6.25534 -12.303
7.25534 -12.303
8.25534 -12.303
9.25534 -12.303
10.2553 -12.303
11.2553 -12.303
12.2553 -12.303
13.2553 -12.303
14.2553 -12.303
15.2553 -12.303
16.2553 -12.303
17.2553 -12.303
18.2553 -12.303
19.2553 -12.303
20.2553 -12.303
21.2553 -12.303
22.2553 -12.303
23.2553 -12.303
-7.74466 -11.303
-6.74466 -11.303
-5.74466 -11.303
-4.74466 -11.303
-3.74466 -11.303
-2.74466 -11.303
-1.74466 -11.303
-0.744659 -11.303
0.255341 -11.303
1.25534 -11.303
2.25534 -11.303
3.25534 -11.303
4.25534 -11.303
5.25534 -11.303
6.25534 -11.303
7.25534 -11.303
8.25534 -11.303
9.25534 -11.303
10.2553 -11.303
11.2553 -11.303
12.2553 -11.303
13.2553 -11.303
14.2553 -11.303
15.2553 -11.303
16.2553 -11.303
17.2553 -11.303
18.2553 -11.303
19.2553 -11.303
20.2553 -11.303
21.2553 -11.303
22.2553 -11.303
23.2553 -11.303
-9.74466 -10.303
-8.74466 -10.303
-7.74466 -10.303
-6.74466 -10.303
-5.74466 -10.303
-4.74466 -10.303
-3.74466 -10.303
-2.74466 -10.303
-1.74466 -10.303
-0.744659 -10.303
0.255341 -10.303
1.25534 -10.303
2.25534 -10.303
3.25534 -10.303
4.25534 -10.303
5.25534 -10.303
6.25534 -10.303
7.25534 -10.303
8.25534 -10.303
9.25534 -10.303
10.2553 -10.303
11.2553 -10.303
12.2553 -10.303
13.2553 -10.303
14.2553 -10.303
15.2553 -10.303
16.2553 -10.303
17.2553 -10.303
18.2553 -10.303
19.2553 -10.303
20.2553 -10.303
21.2553 -10.303
22.2553 -10.303
-10.7447 -9.30304
-9.74466 -9.30304
-8.74466 -9.30304
-7.74466 -9.30304
-6.74466 -9.30304
-5.74466 -9.30304
-4.74466 -9.30304
-3.74466 -9.30304
-2.74466 -9.30304
-1.74466 -9.30304
-0.744659 -9.30304
0.255341 -9.30304
1.25534 -9.30304
2.25534 -9.30304
3.25534 -9.30304
4.25534 -9.30304
5.25534 -9.30304
6.25534 -9.30304
7.25534 -9.30304
8.25534 -9.30304
9.25534 -9.30304
10.2553 -9.30304
11.2553 -9.30304
12.2553 -9.30304
13.2553 -9.30304
14.2553 -9.30304
15.2553 -9.30304
16.2553 -9.30304
17.2553 -9.30304
18.2553 -9.30304
19.2553 -9.30304
20.2553 -9.30304
21.2553 -9.30304
-14.7447 -8.30304
-12.7447 -8.30304
-11.7447 -8.30304
-10.7447 -8.30304
-9.74466 -8.30304
-8.74466 -8.30304
-7.74466 -8.30304
-6.74466 -8.30304
-5.74466 -8.30304
-4.74466 -8.30304
-3.74466 -8.30304
-2.74466 -8.30304
-1.74466 -8.30304
-0.744659 -8.30304
0.255341 -8.30304
1.25534 -8.30304
2.25534 -8.30304
3.25534 -8.30304
4.25534 -8.30304
5.25534 -8.30304
6.25534 -8.30304
7.25534 -8.30304
8.25534 -8.30304
9.25534 -8.30304
10.2553 -8.30304
11.2553 -8.30304
12.2553 -8.30304
13.2553 -8.30304
14.2553 -8.30304
15.2553 -8.30304
16.2553 -8.30304
17.2553 -8.30304
18.2553 -8.30304
19.2553 -8.30304
20.2553 -8.30304
-17.7447 -7.30304
-16.7447 -7.30304
-15.7447 -7.30304
-14.7447 -7.30304
-13.7447 -7.30304
-12.7447 -7.30304
-11.7447 -7.30304
-10.7447 -7.30304
-9.74466 -7.30304
-8.74466 -7.30304
-7.74466 -7.30304
-6.74466 -7.30304
-5.74466 -7.30304
-4.74466 -7.30304
-3.74466 -7.30304
-2.74466 -7.30304
-1.74466 -7.30304
-0.744659 -7.30304
0.255341 -7.30304
1.25534 -7.30304
2.25534 -7.30304
3.25534 -7.30304
4.25534 -7.30304
5.25534 -7.30304
6.25534 -7.30304
7.25534 -7.30304
8.25534 -7.30304
9.25534 -7.30304
10.2553 -7.30304
11.2553 -7.30304
12.2553 -7.30304
13.2553 -7.30304
14.2553 -7.30304
15.2553 -7.30304
16.2553 -7.30304
17.2553 -7.30304
18.2553 -7.30304
19.2553 -7.30304
20.2553 -7.30304
-18.7447 -6.30304
-17.7447 -6.30304
-16.7447 -6.30304
-15.7447 -6.30304
-14.7447 -6.30304
-13.7447 -6.30304
-12.7447 -6.30304
-11.7447 -6.30304
-10.7447 -6.30304
-9.74466 -6.30304
-8.74466 -6.30304
-7.74466 -6.30304
-6.74466 -6.30304
-5.74466 -6.30304
-4.74466 -6.30304
-3.74466 -6.30304
-2.74466 -6.30304
-1.74466 -6.30304
-0.744659 -6.30304
0.255341 -6.30304
1.25534 -6.30304
2.25534 -6.30304
3.25534 -6.30304
4.25534 -6.30304
5.25534 -6.30304
6.25534 -6.30304
7.25534 -6.30304
8.25534 -6.30304
9.25534 -6.30304
10.2553 -6.30304
11.2553 -6.30304
12.2553 -6.30304
13.2553 -6.30304
14.2553 -6.30304
15.2553 -6.30304
16.2553 -6.30304
17.2553 -6.30304
18.2553 -6.30304
-21.7447 -5.30304
-20.7447 -5.30304
-19.7447 -5.30304
-18.7447 -5.30304
-17.7447 -5.30304
-16.7447 -5.30304
-15.7447 -5.30304
-14.7447 -5.30304
-13.7447 -5.30304
-12.7447 -5.30304
-11.7447 -5.30304
-10.7447 -5.30304
-9.74466 -5.30304
-8.74466 -5.30304
-7.74466 -5.30304
-6.74466 -5.30304
-5.74466 -5.30304
-4.74466 -5.30304
-3.74466 -5.30304
-2.74466 -5.30304
-1.74466 -5.30304
-0.744659 -5.30304
0.255341 -5.30304
1.25534 -5.30304
2.25534 -5.30304
3.25534 -5.30304
4.25534 -5.30304
5.25534 -5.30304
6.25534 -5.30304
7.25534 -5.30304
8.25534 -5.30304
9.25534 -5.30304
10.2553 -5.30304
11.2553 -5.30304
12.2553 -5.30304
13.2553 -5.30304
14.2553 -5.30304
15.2553 -5.30304
16.2553 -5.30304
17.2553 -5.30304
-23.7447 -4.30304
-22.7447 -4.30304
-21.7447 -4.30304
-20.7447 -4.30304
-19.7447 -4.30304
-18.7447 -4.30304
-17.7447 -4.30304
-16.7447 -4.30304
-15.7447 -4.30304
-14.7447 -4.30304
-13.7447 -4.30304
-12.7447 -4.30304
-11.7447 -4.30304
-10.7447 -4.30304
-9.74466 -4.30304
-8.74466 -4.30304
-7.74466 -4.30304
-6.74466 -4.30304
-5.74466 -4.30304
-4.74466 -4.30304
-3.74466 -4.30304
-2.74466 -4.30304
-1.74466 -4.30304
-0.744659 -4.30304
0.255341 -4.30304
1.25534 -4.30304
2.25534 -4.30304
3.25534 -4.30304
4.25534 -4.30304
5.25534 -4.30304
6.25534 -4.30304
7.25534 -4.30304
8.25534 -4.30304
9.25534 -4.30304
10.2553 -4.30304
11.2553 -4.30304
12.2553 -4.30304
13.2553 -4.30304
14.2553 -4.30304
15.2553 -4.30304
-27.7447 -3.30304
-26.7447 -3.30304
-25.7447 -3.30304
-24.7447 -3.30304
-23.7447 -3.30304
-22.7447 -3.30304
-21.7447 -3.30304
-20.7447 -3.30304
-19.7447 -3.30304
-18.7447 -3.30304
-17.7447 -3.30304
-16.7447 -3.30304
-15.7447 -3.30304
-14.7447 -3.30304
-13.7447 -3.30304
-12.7447 -3.30304
-11.7447 -3.30304
-10.7447 -3.30304
-9.74466 -3.30304
-8.74466 -3.30304
-7.74466 -3.30304
-6.74466 -3.30304
-5.74466 -3.30304
-4.74466 -3.30304
-3.74466 -3.30304
-2.74466 -3.30304
-1.74466 -3.30304
-0.744659 -3.30304
0.255341 -3.30304
1.25534 -3.30304
2.25534 -3.30304
3.25534 -3.30304
4.25534 -3.30304
5.25534 -3.30304
6.25534 -3.30304
7.25534 -3.30304
8.25534 -3.30304
9.25534 -3.30304
10.2553 -3.30304
11.2553 -3.30304
12.2553 -3.30304
13.2553 -3.30304
14.2553 -3.30304
-30.7447 -2.30304
-29.7447 -2.30304
-28.7447 -2.30304
-27.7447 -2.30304
-26.7447 -2.30304
-25.7447 -2.30304
-24.7447 -2.30304
-23.7447 -2.30304
-22.7447 -2.30304
-21.7447 -2.30304
-20.7447 -2.30304
-19.7447 -2.30304
-18.7447 -2.30304
-17.7447 -2.30304
-16.7447 -2.30304
-15.7447 -2.30304
-14.7447 -2.30304
-13.7447 -2.30304
-12.7447 -2.30304
-11.7447 -2.30304
-10.7447 -2.30304
-9.74466 -2.30304
-8.74466 -2.30304
-7.74466 -2.30304
-6.74466 -2.30304
-5.74466 -2.30304
-4.74466 -2.30304
-3.74466 -2.30304
-2.74466 -2.30304
-1.74466 -2.30304
-0.744659 -2.30304
0.255341 -2.30304
1.25534 -2.30304
2.25534 -2.30304
3.25534 -2.30304
4.25534 -2.30304
5.25534 -2.30304
6.25534 -2.30304
7.25534 -2.30304
8.25534 -2.30304
9.25534 -2.30304
10.2553 -2.30304
11.2553 -2.30304
12.2553 -2.30304
13.2553 -2.30304
-31.7447 -1.30304
-30.7447 -1.30304
-29.7447 -1.30304
-28.7447 -1.30304
-27.7447 -1.30304
-26.7447 -1.30304
-25.7447 -1.30304
-24.7447 -1.30304
-23.7447 -1.30304
-22.7447 -1.30304
-21.7447 -1.30304
-20.7447 -1.30304
-19.7447 -1.30304
-18.7447 -1.30304
-17.7447 -1.30304
-16.7447 -1.30304
-15.7447 -1.30304
-14.7447 -1.30304
-13.7447 -1.30304
-12.7447 -1.30304
-11.7447 -1.30304
-10.7447 -1.30304
-9.74466 -1.30304
-8.74466 -1.30304
-7.74466 -1.30304
-6.74466 -1.30304
-5.74466 -1.30304
-4.74466 -1.30304
-3.74466 -1.30304
-2.74466 -1.30304
-1.74466 -1.30304
-0.744659 -1.30304
0.255341 -1.30304
1.25534 -1.30304
2.25534 -1.30304
3.25534 -1.30304
4.25534 -1.30304
5.25534 -1.30304
6.25534 -1.30304
7.25534 -1.30304
8.25534 -1.30304
9.25534 -1.30304
10.2553 -1.30304
11.2553 -1.30304
12.2553 -1.30304
13.2553 -1.30304
-32.7447 -0.30304
-31.7447 -0.30304
-30.7447 -0.30304
-29.7447 -0.30304
-28.7447 -0.30304
-27.7447 -0.30304
-26.7447 -0.30304
-25.7447 -0.30304
-24.7447 -0.30304
-23.7447 -0.30304
-22.7447 -0.30304
-21.7447 -0.30304
-20.7447 -0.30304
-19.7447 -0.30304
-18.7447 -0.30304
-17.7447 -0.30304
-16.7447 -0.30304
-15.7447 -0.30304
-14.7447 -0.30304
-13.7447 -0.30304
-12.7447 -0.30304
-11.7447 -0.30304
-10.7447 -0.30304
-9.74466 -0.30304
-8.74466 -0.30304
-7.74466 -0.30304
-6.74466 -0.30304
-5.74466 -0.30304
-4.74466 -0.30304
-3.74466 -0.30304
-2.74466 -0.30304
-1.74466 -0.30304
-0.744659 -0.30304
0.255341 -0.30304
1.25534 -0.30304
2.25534 -0.30304
3.25534 -0.30304
4.25534 -0.30304
5.25534 -0.30304
6.25534 -0.30304
7.25534 -0.30304
8.25534 -0.30304
9.25534 -0.30304
10.2553 -0.30304
11.2553 -0.30304
12.2553 -0.30304
-34.7447 0.69696
-33.7447 0.69696
-32.7447 0.69696
-31.7447 0.69696
-30.7447 0.69696
-29.7447 0.69696
-28.7447 0.69696
-27.7447 0.69696
-26.7447 0.69696
-25.7447 0.69696
-24.7447 0.69696
-23.7447 0.69696
-22.7447 0.69696
-21.7447 0.69696
-20.7447 0.69696
-19.7447 0.69696
-18.7447 0.69696
-17.7447 0.69696
-16.7447 0.69696
-15.7447 0.69696
-14.7447 0.69696
-13.7447 0.69696
-12.7447 0.69696
-11.7447 0.69696
-10.7447 0.69696
-9.74466 0.69696
-8.74466 0.69696
-7.74466 0.69696
-6.74466 0.69696
-5.74466 0.69696
-4.74466 0.69696
-3.74466 0.69696
-2.74466 0.69696
-1.74466 0.69696
-0.744659 0.69696
0.255341 0.69696
1.25534 0.69696
2.25534 0.69696
3.25534 0.69696
4.25534 0.69696
5.25534 0.69696
6.25534 0.69696
7.25534 0.69696
8.25534 0.69696
9.25534 0.69696
10.2553 0.69696
11.2553 0.69696
-34.7447 1.69696
-33.7447 1.69696
-32.7447 1.69696
-31.7447 1.69696
-30.7447 1.69696
-29.7447 1.69696
-28.7447 1.69696
-27.7447 1.69696
-26.7447 1.69696
-25.7447 1.69696
-24.7447 1.69696
-23.7447 1.69696
-22.7447 1.69696
-21.7447 1.69696
-20.7447 1.69696
-19.7447 1.69696
-18.7447 1.69696
-17.7447 1.69696
-16.7447 1.69696
-15.7447 1.69696
-14.7447 1.69696
-13.7447 1.69696
-12.7447 1.69696
-11.7447 1.69696
-10.7447 1.69696
-9.74466 1.69696
-8.74466 1.69696
-7.74466 1.69696
-6.74466 1.69696
-5.74466 1.69696
-4.74466 1.69696
-3.74466 1.69696
-2.74466 1.69696
-1.74466 1.69696
-0.744659 1.69696
0.255341 1.69696
1.25534 1.69696
2.25534 1.69696
3.25534 1.69696
4.25534 1.69696
5.25534 1.69696
6.25534 1.69696
7.25534 1.69696
8.25534 1.69696
9.25534 1.69696
10.2553 1.69696
-35.7447 2.69696
-34.7447 2.69696
-33.7447 2.69696
-32.7447 2.69696
-31.7447 2.69696
-30.7447 2.69696
-29.7447 2.69696
-28.7447 2.69696
-27.7447 2.69696
-26.7447 2.69696
-25.7447 2.69696
-24.7447 2.69696
-23.7447 2.69696
-22.7447 2.69696
-21.7447 2.69696
-20.7447 2.69696
-19.7447 2.69696
-18.7447 2.69696
-17.7447 2.69696
-16.7447 2.69696
-15.7447 2.69696
-14.7447 2.69696
-13.7447 2.69696
-12.7447 2.69696
-11.7447 2.69696
-10.7447 2.69696
-9.74466 2.69696
-8.74466 2.69696
-7.74466 2.69696
-0.744659 2.69696
0.255341 2.69696
1.25534 2.69696
2.25534 2.69696
3.25534 2.69696
4.25534 2.69696
5.25534 2.69696
6.25534 2.69696
7.25534 2.69696
8.25534 2.69696
9.25534 2.69696
-36.7447 3.69696
-35.7447 3.69696
-34.7447 3.69696
-33.7447 3.69696
-32.7447 3.69696
-31.7447 3.69696
-30.7447 3.69696
-29.7447 3.69696
-28.7447 3.69696
-27.7447 3.69696
-26.7447 3.69696
-25.7447 3.69696
-24.7447 3.69696
-23.7447 3.69696
-22.7447 3.69696
-21.7447 3.69696
-20.7447 3.69696
-19.7447 3.69696
-18.7447 3.69696
-17.7447 3.69696
-16.7447 3.69696
-15.7447 3.69696
-14.7447 3.69696
-13.7447 3.69696
-12.7447 3.69696
-11.7447 3.69696
-10.7447 3.69696
-1.74466 3.69696
-0.744659 3.69696
0.255341 3.69696
1.25534 3.69696
2.25534 3.69696
3.25534 3.69696
4.25534 3.69696
5.25534 3.69696
6.25534 3.69696
7.25534 3.69696
8.25534 3.69696
-35.7447 4.69696
-34.7447 4.69696
-33.7447 4.69696
-32.7447 4.69696
-31.7447 4.69696
-30.7447 4.69696
-29.7447 4.69696
-28.7447 4.69696
-27.7447 4.69696
-26.7447 4.69696
-25.7447 4.69696
-24.7447 4.69696
-23.7447 4.69696
-22.7447 4.69696
-21.7447 4.69696
-20.7447 4.69696
-19.7447 4.69696
-18.7447 4.69696
-17.7447 4.69696
-16.7447 4.69696
-15.7447 4.69696
-14.7447 4.69696
-13.7447 4.69696
0.255341 4.69696
1.25534 4.69696
2.25534 4.69696
3.25534 4.69696
4.25534 4.69696
5.25534 4.69696
6.25534 4.69696
7.25534 4.69696
-35.7447 5.69696
-34.7447 5.69696
-33.7447 5.69696
-32.7447 5.69696
-31.7447 5.69696
-30.7447 5.69696
-29.7447 5.69696
-28.7447 5.69696
-27.7447 5.69696
-26.7447 5.69696
-25.7447 5.69696
-24.7447 5.69696
-23.7447 5.69696
-22.7447 5.69696
-21.7447 5.69696
-20.7447 5.69696
-19.7447 5.69696
-18.7447 5.69696
-17.7447 5.69696
-0.744659 5.69696
0.255341 5.69696
1.25534 5.69696
2.25534 5.69696
3.25534 5.69696
4.25534 5.69696
5.25534 5.69696
6.25534 5.69696
-35.7447 6.69696
-34.7447 6.69696
-33.7447 6.69696
-32.7447 6.69696
-31.7447 6.69696
-30.7447 6.69696
-29.7447 6.69696
-28.7447 6.69696
-27.7447 6.69696
-26.7447 6.69696
-25.7447 6.69696
-24.7447 6.69696
-23.7447 6.69696
-22.7447 6.69696
-21.7447 6.69696
-20.7447 6.69696
-19.7447 6.69696
-18.7447 6.69696
-0.744659 6.69696
0.255341 6.69696
1.25534 6.69696
2.25534 6.69696
3.25534 6.69696
4.25534 6.69696
5.25534 6.69696
6.25534 6.69696
-35.7447 7.69696
-34.7447 7.69696
-33.7447 7.69696
-32.7447 7.69696
-31.7447 7.69696
-30.7447 7.69696
-29.7447 7.69696
-28.7447 7.69696
-27.7447 7.69696
-26.7447 7.69696
-25.7447 7.69696
-24.7447 7.69696
-23.7447 7.69696
-22.7447 7.69696
-21.7447 7.69696
-20.7447 7.69696
-19.7447 7.69696
-18.7447 7.69696
-17.7447 7.69696
-0.744659 7.69696
0.255341 7.69696
1.25534 7.69696
2.25534 7.69696
3.25534 7.69696
4.25534 7.69696
5.25534 7.69696
6.25534 7.69696
-35.7447 8.69696
-34.7447 8.69696
-33.7447 8.69696
-32.7447 8.69696
-31.7447 8.69696
-30.7447 8.69696
-29.7447 8.69696
-28.7447 8.69696
-27.7447 8.69696
-26.7447 8.69696
-25.7447 8.69696
-24.7447 8.69696
-23.7447 8.69696
-22.7447 8.69696
-21.7447 8.69696
-20.7447 8.69696
-19.7447 8.69696
-0.744659 8.69696
0.255341 8.69696
1.25534 8.69696
2.25534 8.69696
3.25534 8.69696
4.25534 8.69696
5.25534 8.69696
-35.7447 9.69696
-34.7447 9.69696
-33.7447 9.69696
-32.7447 9.69696
-31.7447 9.69696
-30.7447 9.69696
-29.7447 9.69696
-28.7447 9.69696
-27.7447 9.69696
-26.7447 9.69696
-25.7447 9.69696
-24.7447 9.69696
-23.7447 9.69696
-22.7447 9.69696
-21.7447 9.69696
-20.7447 9.69696
-1.74466 9.69696
-0.744659 9.69696
0.255341 9.69696
1.25534 9.69696
2.25534 9.69696
3.25534 9.69696
4.25534 9.69696
5.25534 9.69696
-35.7447 10.697
-34.7447 10.697
-33.7447 10.697
-32.7447 10.697
-31.7447 10.697
-30.7447 10.697
-29.7447 10.697
-28.7447 10.697
-25.7447 10.697
-24.7447 10.697
-23.7447 10.697
-22.7447 10.697
-21.7447 10.697
-20.7447 10.697
-2.74466 10.697
-1.74466 10.697
-0.744659 10.697
0.255341 10.697
1.25534 10.697
2.25534 10.697
3.25534 10.697
4.25534 10.697
5.25534 10.697
-34.7447 11.697
-33.7447 11.697
-32.7447 11.697
-31.7447 11.697
-3.74466 11.697
-2.74466 11.697
-1.74466 11.697
-0.744659 11.697
0.255341 11.697
1.25534 11.697
2.25534 11.697
3.25534 11.697
4.25534 11.697
5.25534 11.697
-3.74466 12.697
-2.74466 12.697
-1.74466 12.697
-0.744659 12.697
0.255341 12.697
1.25534 12.697
2.25534 12.697
3.25534 12.697
-3.74466 13.697
-2.74466 13.697
-1.74466 13.697
-0.744659 13.697
0.255341 13.697
1.25534 13.697
2.25534 13.697
-4.74466 14.697
-3.74466 14.697
-2.74466 14.697
-1.74466 14.697
-0.744659 14.697
0.255341 14.697
1.25534 14.697
-5.74466 15.697
-4.74466 15.697
-3.74466 15.697
-2.74466 15.697
-1.74466 15.697
-0.744659 15.697
0.255341 15.697
1.25534 15.697
-6.74466 16.697
-5.74466 16.697
-4.74466 16.697
-3.74466 16.697
-2.74466 16.697
-1.74466 16.697
-0.744659 16.697
0.255341 16.697
1.25534 16.697
-7.74466 17.697
-6.74466 17.697
-5.74466 17.697
-4.74466 17.697
-3.74466 17.697
-2.74466 17.697
-1.74466 17.697
-0.744659 17.697
0.255341 17.697
-8.74466 18.697
-7.74466 18.697
-6.74466 18.697
-5.74466 18.697
-4.74466 18.697
-3.74466 18.697
-2.74466 18.697
-1.74466 18.697
-0.744659 18.697
0.255341 18.697
-8.74466 19.697
-7.74466 19.697
-6.74466 19.697
-5.74466 19.697
-4.74466 19.697
-3.74466 19.697
-2.74466 19.697
-1.74466 19.697
-0.744659 19.697
0.255341 19.697
-8.74466 20.697
-7.74466 20.697
-6.74466 20.697
-5.74466 20.697
-4.74466 20.697
-3.74466 20.697
-2.74466 20.697
-1.74466 20.697
-0.744659 20.697
0.255341 20.697
-8.74466 21.697
-7.74466 21.697
-6.74466 21.697
-5.74466 21.697
-4.74466 21.697
-3.74466 21.697
-2.74466 21.697
-1.74466 21.697
-0.744659 21.697
0.255341 21.697
-9.74466 22.697
-8.74466 22.697
-7.74466 22.697
-6.74466 22.697
-5.74466 22.697
-4.74466 22.697
-3.74466 22.697
-2.74466 22.697
-1.74466 22.697
-0.744659 22.697
-9.74466 23.697
-8.74466 23.697
-7.74466 23.697
-6.74466 23.697
-5.74466 23.697
-4.74466 23.697
-3.74466 23.697
-2.74466 23.697
-1.74466 23.697
-9.74466 24.697
-8.74466 24.697
-7.74466 24.697
-6.74466 24.697
-5.74466 24.697
-4.74466 24.697
-3.74466 24.697
-2.74466 24.697
-9.74466 25.697
-8.74466 25.697
-7.74466 25.697
-6.74466 25.697
-5.74466 25.697
-4.74466 25.697
-3.74466 25.697
-9.74466 26.697
-8.74466 26.697
-7.74466 26.697
-6.74466 26.697
-5.74466 26.697
-4.74466 26.697
-10.7447 27.697
-9.74466 27.697
-8.74466 27.697
-7.74466 27.697
-6.74466 27.697
-5.74466 27.697
-4.74466 27.697
-11.7447 28.697
-10.7447 28.697
-9.74466 28.697
-8.74466 28.697
-7.74466 28.697
-6.74466 28.697
-5.74466 28.697
-4.74466 28.697
-11.7447 29.697
-10.7447 29.697
-9.74466 29.697
-8.74466 29.697
-7.74466 29.697
-6.74466 29.697
-5.74466 29.697
-4.74466 29.697
-11.7447 30.697
-10.7447 30.697
-9.74466 30.697
-8.74466 30.697
-7.74466 30.697
-6.74466 30.697
-5.74466 30.697
-4.74466 30.697
-11.7447 31.697
-10.7447 31.697
-9.74466 31.697
-8.74466 31.697
-7.74466 31.697
-6.74466 31.697
-5.74466 31.697
-11.7447 32.697
-10.7447 32.697
-9.74466 32.697
-8.74466 32.697
-7.74466 32.697
-6.74466 32.697
-5.74466 32.697
-12.7447 33.697
-11.7447 33.697
-10.7447 33.697
-9.74466 33.697
-8.74466 33.697
-7.74466 33.697
-6.74466 33.697
-5.74466 33.697
-4.74466 33.697
-12.7447 34.697
-11.7447 34.697
-10.7447 34.697
-9.74466 34.697
-8.74466 34.697
-7.74466 34.697
-6.74466 34.697
-5.74466 34.697
-4.74466 34.697
-11.7447 35.697
-10.7447 35.697
-9.74466 35.697
-8.74466 35.697
-7.74466 35.697
-6.74466 35.697
-5.74466 35.697
-4.74466 35.697
-11.7447 36.697
-10.7447 36.697
-9.74466 36.697
-8.74466 36.697
-7.74466 36.697
-6.74466 36.697
-5.74466 36.697
-4.74466 36.697
-11.7447 37.697
-10.7447 37.697
-9.74466 37.697
-8.74466 37.697
-7.74466 37.697
-6.74466 37.697
-5.74466 37.697
-4.74466 37.697
-3.74466 37.697
-10.7447 38.697
-9.74466 38.697
-8.74466 38.697
-7.74466 38.697
-6.74466 38.697
-5.74466 38.697
-4.74466 38.697
-3.74466 38.697
-9.74466 39.697
-8.74466 39.697
-7.74466 39.697
-6.74466 39.697
-5.74466 39.697
-4.74466 39.697
-3.74466 39.697
-2.74466 39.697
-8.74466 40.697
-7.74466 40.697
-6.74466 40.697
-5.74466 40.697
-4.74466 40.697
-3.74466 40.697
-2.74466 40.697
-6.74466 41.697
-5.74466 41.697
-4.74466 41.697
-3.74466 41.697
-2.74466 41.697
-1.74466 41.697
-6.74466 42.697
-5.74466 42.697
-4.74466 42.697
-3.74466 42.697
-2.74466 42.697
-1.74466 42.697
-0.744659 42.697
-6.74466 43.697
-5.74466 43.697
-4.74466 43.697
-3.74466 43.697
-2.74466 43.697
-1.74466 43.697
-0.744659 43.697
-5.74466 44.697
-4.74466 44.697
-3.74466 44.697
-2.74466 44.697
-1.74466 44.697
-0.744659 44.697
-5.74466 45.697
-4.74466 45.697
-3.74466 45.697
-2.74466 45.697
-1.74466 45.697
-0.744659 45.697
-4.74466 46.697
-3.74466 46.697
-2.74466 46.697
-1.74466 46.697
-0.744659 46.697
-5.74466 47.697
-4.74466 47.697
-3.74466 47.697
-2.74466 47.697
-1.74466 47.697
-0.744659 47.697
-5.74466 48.697
-4.74466 48.697
-3.74466 48.697
-2.74466 48.697
-1.74466 48.697
-0.744659 48.697
-5.74466 49.697
-4.74466 49.697
-3.74466 49.697
-2.74466 49.697
-1.74466 49.697
-0.744659 49.697
0.255341 49.697
-4.74466 50.697
-3.74466 50.697
-2.74466 50.697
-1.74466 50.697
-0.744659 50.697
-3.74466 51.697
-2.74466 51.697
-1.74466 51.697
-0.744659 51.697
-2.74466 52.697
-1.74466 52.697
-0.744659 52.697
-1.74466 53.697
-0.744659 53.697
